#[Private geo coordinates]
latitude = 48.208488
longitude = 16.372076
